world: 1b68e865-896c-43d4-8fba-72e64a362a72
world-name: world
x: 100418.91628582418
y: 256.5329282753449
z: 10290.596955791847
yaw: -158.778076171875
pitch: 20.15886688232422
name: arena
lastowner: beb3caff-0389-325b-bc9b-12625c3355b2
