world: 1b68e865-896c-43d4-8fba-72e64a362a72
world-name: world
x: 10029.730612881429
y: 218.73747479644658
z: 9970.193084158649
yaw: -147.21453857421875
pitch: 58.771484375
name: ffa
lastowner: beb3caff-0389-325b-bc9b-12625c3355b2
